1310
0676
0227
0956
1403
1355
1361
1012
1104
0278
0177
0474
0235
1421
1107
0607
1285
1082
1136
0295
0346
0992
1279
0213
0938
0110
1328
0870
1323
0994
1047
0834
0130
0264
1243
1419
1128
1073
0193
0567
1143
0293
0742
0704
0146
0231
1087
1094
0743
0725
1197
1325
0144
1416
0615
0749
1007
0053
1195
1173
1237
1216
0548
0573
0074
1069
0356
0041
0135
0111
0260
0249
1441
1293
0207
0653
0949
0559
1261
0453
1212
0857
1407
0094
0350
1329
1257
0508
1387
0117
1092
0395
1388
0365
0884
1008
0416
0686
0106
1399
1153
0426
0975
0083
0142
1372
1041
0771
0911
0936
0571
0761
0485
0001
0455
0004
0683
0890
0039
1070
1225
1167
0523
0063
0078
1159
0628
0162
0558
0662
1232
0740
1294
0103
0397
1171
1086
0518
1409
1427
0581
1118
0887
0495
1114
0400
1004
0157
1076
0320
0861
1146
