0003
0004
0005
0006
0007
0008
0019
0020
0044
0045
0058
0080
0081
0082
0083
0120
0121
0122
0123
0124
0135
0136
0156
0157
0158
0159
0160
0161
0162
0163
0164
0165
0166
0177
0178
0179
0213
0214
0215
0216
0217
0218
0219
0251
0252
0253
0254
0255
0256
0257
0258
0259
0260
0261
0262
0263
0274
0275
0276
0277
0278
0303
0304
0305
0306
0307
0308
0309
0318
0319
0320
0321
0322
0323
0324
0353
0354
0391
0392
0393
0394
0415
0416
0417
0418
0419
0420
0421
0422
0423
0424
0425
0426
0427
0428
0429
0449
0450
0451
0452
0453
0454
0455
0456
0457
0458
0459
0460
0461
0478
0479
0480
0481
0482
0483
0484
0485
0486
0487
0488
0489
0490
0491
0492
0493
0494
0495
0496
0497
0498
0499
0500
0501
0502
0503
0504
0505
0506
0507
0527
0528
0529
0530
0540
0541
0542
0543
0544
0545
0546
0547
0548
0572
0573
0574
0575
0576
0577
0578
0595
0596
0597
0598
0599
0600
0601
0602
0614
0615
0616
0639
0640
0641
0642
0643
0652
0653
0654
0655
0665
0666
0667
0682
0683
0684
0685
0695
0696
0714
0715
0716
0729
0730
0745
0746
0747
0748
0749
0750
0751
0752
0753
0754
0755
0756
0757
0758
0805
0806
0807
0808
0809
0824
0825
0826
0827
0828
0829
0830
0831
0832
0853
0854
0855
0856
0872
0873
0874
0875
0876
0877
0878
0879
0880
0881
0882
0883
0884
0885
0886
0887
0888
0889
0890
0891
0892
0893
0894
0895
0896
0897
0898
0899
0900
0901
0902
0903
0904
0905
0920
0921
0922
0923
0924
0925
0936
0937
0938
0939
0940
0941
0942
0943
0944
0963
0964
0978
0979
0980
0981
0982
0983
0984
0985
0986
0987
0988
0989
0990
1005
1006
1007
1008
1009
1024
1025
1026
1027
1028
1029
1030
1031
1040
1041
1042
1043
1044
1045
1046
1047
1054
1055
1056
1085
1086
1087
1105
1120
1121
1122
1137
1138
1139
1140
1141
1142
1143
1168
1169
1177
1178
1197
1198
1199
1200
1221
1222
1223
1224
1225
1236
1237
1238
1239
1240
1241
1242
1243
1244
1245
1246
1266
1267
1268
1269
1270
1271
1272
1273
1274
1296
1309
1310
1311
1312
1313
1333
1334
1350
1351
1352
1366
1367
1392
1393
1415
1416
1417
1418
1419
1420
