0010
0011
0012
0013
0022
0023
0024
0025
0026
0027
0048
0049
0050
0051
0052
0053
0054
0055
0064
0065
0066
0067
0068
0069
0070
0071
0072
0073
0074
0075
0092
0093
0094
0095
0096
0097
0098
0099
0100
0101
0102
0103
0104
0105
0106
0107
0108
0109
0110
0111
0112
0113
0114
0115
0116
0130
0138
0139
0140
0141
0142
0143
0144
0145
0146
0147
0148
0149
0150
0151
0152
0170
0203
0204
0205
0206
0223
0224
0225
0226
0227
0228
0229
0230
0231
0232
0233
0234
0235
0236
0237
0238
0239
0240
0241
0242
0243
0244
0245
0246
0247
0248
0249
0265
0266
0267
0268
0269
0270
0286
0287
0288
0289
0290
0291
0292
0293
0294
0295
0313
0314
0336
0337
0338
0339
0340
0341
0342
0343
0344
0345
0346
0347
0348
0349
0350
0365
0366
0367
0368
0369
0370
0371
0372
0373
0374
0375
0376
0377
0378
0379
0380
0381
0382
0383
0398
0399
0400
0401
0402
0403
0404
0405
0406
0407
0408
0409
0410
0436
0437
0438
0439
0440
0467
0468
0514
0534
0535
0536
0552
0553
0554
0584
0585
0586
0587
0588
0589
0590
0608
0609
0610
0611
0622
0623
0624
0625
0626
0627
0628
0629
0630
0631
0632
0646
0647
0648
0649
0659
0660
0661
0662
0674
0675
0691
0692
0700
0701
0702
0703
0704
0705
0719
0720
0721
0722
0723
0735
0736
0737
0738
0739
0740
0741
0742
0788
0789
0790
0791
0792
0793
0794
0795
0796
0797
0798
0799
0815
0816
0817
0818
0819
0820
0847
0848
0849
0863
0864
0865
0866
0867
0868
0909
0910
0911
0912
0913
0914
0915
0916
0929
0930
0931
0948
0949
0950
0951
0952
0953
0954
0955
0956
0957
0958
0968
0969
0996
0997
0998
0999
1000
1013
1014
1015
1016
1017
1018
1019
1020
1035
1036
1037
1050
1051
1059
1060
1061
1062
1063
1064
1065
1066
1067
1068
1069
1070
1071
1072
1073
1074
1097
1110
1111
1112
1113
1114
1115
1116
1132
1133
1134
1159
1160
1161
1172
1173
1185
1186
1187
1188
1189
1190
1191
1213
1214
1215
1231
1232
1251
1252
1253
1281
1282
1283
1284
1300
1301
1316
1317
1318
1319
1320
1321
1322
1323
1324
1325
1326
1327
1328
1341
1342
1343
1344
1345
1346
1357
1358
1359
1360
1361
1362
1363
1370
1371
1372
1373
1374
1375
1376
1377
1378
1379
1380
1381
1382
1383
1402
1403
1404
1405
1406
1425
1426
1427
1428
1429
1434
1435
1436
1437
1438
1439
1440
